TILEMAP
36 28
16 32
images/blocks.png
2 2
111111111111111111111111111111111111
11                                11
11                                11
1111111111                        11
11                                11
11                                11
11            1111111111          11
11                    22          11
11                    22          11
11    11111111        22          11
11                    22          11
11                    22          11
11                                11
11            11111111            11
11                                11
11                                11
11                                11
11    111111111111                11
11                                11
11                                11
11                1111111111      11
11                                11
11                                11
11    111111                      11
11        22                      11
11        22                      11
11                                11
111111111111111111111111111111111111
