
26 27 27 27 27 27 27 27 27 27 27 27 27 27 27 27 27 27 27 27 27 27 27 27 27 27 27 27 27 27 27 27 27 27 28
34 2 2 2 2 2 2 2 2 2 2 2 2 2 2 2 2 2 2 2 2 2 2 2 10 2 2 2 2 2 2 2 2 2 34
34 2 2 2 2 2 2 2 2 2 2 2 2 2 2 2 2 2 2 2 2 2 2 2 10 2 2 2 2 2 2 2 2 3 34
34 2 2 2 2 2 2 2 2 2 2 2 2 2 2 2 2 2 2 2 2 2 2 2 10 0 2 2 8 24 24 24 24 25 34
34 2 8 24 24 24 24 25 2 2 2 2 1 1 1 1 1 2 2 2 2 2 2 2 10 2 2 2 2 2 2 2 2 2 34
34 2 2 2 2 2 2 2 2 2 2 2 1 1 1 1 1 2 2 2 2 2 2 2 10 2 2 2 2 10 2 2 2 2 34
34 2 2 2 2 2 2 2 2 2 2 2 2 2 10 2 2 2 2 2 2 2 2 2 21 2 0 2 2 20 2 2 2 2 34
34 2 2 2 2 2 2 2 2 2 2 2 2 2 20 2 2 2 2 2 2 11 12 12 12 13 2 2 2 20 0 2 2 0 34
34 2 2 0 0 2 2 2 8 24 24 24 24 24 9 2 2 0 0 0 0 18 14 14 14 4 2 2 2 20 2 2 2 2 34
34 2 2 2 2 2 2 2 2 2 2 1 2 2 2 2 2 2 2 2 2 18 14 14 14 4 2 8 24 9 2 2 2 2 34
34 2 2 2 2 2 2 2 2 2 2 1 2 2 2 2 2 2 2 2 2 18 14 14 14 4 2 2 2 2 2 2 2 2 34
34 2 2 2 2 0 0 2 2 2 2 1 2 2 2 2 2 2 2 2 2 17 16 16 16 5 2 2 2 2 2 8 25 2 34
34 8 24 24 24 24 24 24 25 2 2 2 2 2 2 2 0 2 2 2 0 2 2 2 2 2 2 2 2 2 2 2 2 2 34
34 2 2 2 2 2 2 2 2 2 2 2 2 2 2 2 2 2 2 0 1 0 2 2 8 24 24 24 24 25 2 2 2 0 34
34 2 2 2 2 2 2 2 8 24 24 24 24 24 25 2 2 2 2 2 2 2 2 2 2 2 2 2 2 2 2 2 0 0 34
34 2 2 2 2 2 2 2 2 2 2 2 2 2 2 2 2 2 2 2 2 2 2 2 2 2 2 2 2 2 2 0 2 0 34
34 2 2 2 2 2 2 2 2 2 2 2 2 2 2 2 2 2 2 2 2 2 2 2 2 2 2 2 2 2 0 2 2 0 34
34 19 19 19 19 19 19 19 19 19 19 19 19 19 19 19 19 19 19 19 19 19 19 19 19 19 19 19 19 19 19 19 19 19 34
